239024.51825296393
239024.51825296393
There are no 'a'
There are no 'so far'
9755461.23971423
9940626.787681004
10858304.124153543
7189984.9530840805
6542946.559063289
1519466.8095070766
4777206.30351757
7088390.635086729
4795080.4885233585
8081684.400606157
8068541.563893096
5771757.705199084
8721832.402354848
875384.8562146677
9333315.641486382
5990059.418288822
902112.9886227669
11121202.399696246
5351908.233903801
9448408.328674374
4570070.367511016
7121354.642484784
4235973.067627637
1644127.476918239
3588976.7162948144
7658289.879324064
1336457.2165098763
9721879.063757913
6420549.647567554
8041283.484136734
4076839.249876014
5746758.438656706
5798440.333733661
14034862.888241788
7824212.2837906135
8774254.914829595
8542727.24984591
5247259.131965134
1159616.9403786443
8249121.847866867
4900522.371721282
8539064.51705981
5612406.2347413
7719473.391027424
11481084.77454523
exit
